3.4823E-06        1  9.8259E-05  1.4074E+00 -1.4164E+00 -9.86E+01  8.30E+03
   3.4823E-06        2  2.9478E-04  1.4597E+00 -1.4922E+00 -9.87E+01  9.46E+03
   3.4823E-06        3  4.9129E-04  1.4609E+00 -1.5118E+00 -9.89E+01  9.24E+03
   3.4823E-06        4  6.8781E-04  1.4181E+00 -1.4945E+00 -9.90E+01  9.24E+03
   3.4823E-06        5  8.8433E-04  1.4214E+00 -1.5030E+00 -9.88E+01  8.49E+03
   3.4823E-06        6  1.0808E-03  1.4214E+00 -1.5275E+00 -9.83E+01  8.65E+03
   3.4823E-06        7  1.2774E-03  1.3888E+00 -1.4993E+00 -9.66E+01  9.45E+03
   3.4823E-06        8  1.4739E-03  1.3624E+00 -1.4550E+00 -9.66E+01  9.41E+03
   3.4823E-06        9  1.6704E-03  1.3869E+00 -1.4495E+00 -9.72E+01  9.39E+03
   3.4823E-06       10  1.8669E-03  1.3897E+00 -1.4767E+00 -9.77E+01  1.12E+04
   3.4823E-06       11  2.0634E-03  1.3507E+00 -1.4294E+00 -9.75E+01  1.04E+04
   3.4823E-06       12  2.2600E-03  1.3098E+00 -1.4045E+00 -9.79E+01  9.57E+03
   3.4823E-06       13  2.4565E-03  1.3357E+00 -1.4586E+00 -9.65E+01  9.23E+03
   3.4823E-06       14  2.6530E-03  1.2772E+00 -1.4163E+00 -9.03E+01  9.13E+03
   3.4823E-06       15  2.8495E-03  1.2992E+00 -1.4316E+00 -8.47E+01  8.43E+03
   3.4823E-06       16  3.0460E-03  1.2797E+00 -1.4342E+00 -7.99E+01  8.43E+03
   3.4823E-06       17  3.2425E-03  1.2741E+00 -1.4175E+00 -7.25E+01  8.84E+03
   3.4823E-06       18  3.4391E-03  1.1856E+00 -1.3001E+00 -7.04E+01  9.42E+03
   3.4823E-06       19  3.6356E-03  1.1693E+00 -1.2734E+00 -7.04E+01  9.46E+03
   3.4823E-06       20  3.8321E-03  1.1645E+00 -1.2302E+00 -7.04E+01  9.65E+03
   3.4823E-06       21  4.0286E-03  1.0902E+00 -1.1910E+00 -7.05E+01  9.54E+03
   3.4823E-06       22  4.2251E-03  1.1187E+00 -1.2452E+00 -6.93E+01  9.14E+03
   3.4823E-06       23  4.4217E-03  1.0572E+00 -1.2361E+00 -6.26E+01  8.43E+03
   3.4823E-06       24  4.6182E-03  1.0293E+00 -1.2018E+00 -5.85E+01  8.43E+03
   3.4823E-06       25  4.8147E-03  1.0024E+00 -1.1766E+00 -5.43E+01  8.43E+03
   3.4823E-06       26  5.0112E-03  9.7376E-01 -1.1591E+00 -5.05E+01  8.43E+03
   3.4823E-06       27  5.2077E-03  9.5120E-01 -1.1168E+00 -4.60E+01  8.84E+03
   3.4823E-06       28  5.4042E-03  8.7692E-01 -1.0168E+00 -4.43E+01  9.32E+03
   3.4823E-06       29  5.6008E-03  8.6492E-01 -9.8417E-01 -4.35E+01  9.58E+03
   3.4823E-06       30  5.7973E-03  8.5802E-01 -9.5449E-01 -4.31E+01  9.65E+03
   3.4823E-06       31  5.9938E-03  8.0333E-01 -9.2344E-01 -4.28E+01  9.65E+03
   3.4823E-06       32  6.1903E-03  8.2832E-01 -9.8870E-01 -4.14E+01  9.04E+03
   3.4823E-06       33  6.3868E-03  7.8876E-01 -9.9742E-01 -3.84E+01  8.43E+03
   3.4823E-06       34  6.5834E-03  7.6683E-01 -9.7160E-01 -3.63E+01  8.43E+03
   3.4823E-06       35  6.7799E-03  7.4718E-01 -9.5290E-01 -3.42E+01  8.43E+03
   3.4823E-06       36  6.9764E-03  7.3031E-01 -9.3890E-01 -3.23E+01  8.43E+03
   3.4823E-06       37  7.1729E-03  7.1872E-01 -9.2754E-01 -3.08E+01  8.43E+03
   3.4823E-06       38  7.3694E-03  6.6502E-01 -8.0129E-01 -2.92E+01  9.65E+03
   3.4823E-06       39  7.5659E-03  6.5608E-01 -7.8779E-01 -2.90E+01  9.65E+03
   3.4823E-06       40  7.7625E-03  6.4544E-01 -7.7190E-01 -2.88E+01  9.65E+03
   3.4823E-06       41  7.9590E-03  6.0834E-01 -7.5443E-01 -2.85E+01  9.65E+03
   3.4823E-06       42  8.1555E-03  6.1587E-01 -8.0234E-01 -2.79E+01  9.04E+03
   3.4823E-06       43  8.3520E-03  6.0002E-01 -8.3235E-01 -2.67E+01  8.43E+03
   3.4823E-06       44  8.5485E-03  5.8712E-01 -8.1652E-01 -2.56E+01  8.43E+03
   3.4823E-06       45  8.7451E-03  5.7672E-01 -8.0466E-01 -2.46E+01  8.43E+03
   3.4823E-06       46  8.9416E-03  5.7046E-01 -7.9662E-01 -2.36E+01  8.43E+03
   3.4823E-06       47  9.1381E-03  5.6725E-01 -7.9055E-01 -2.28E+01  8.43E+03
   3.4823E-06       48  9.3346E-03  5.3562E-01 -6.8296E-01 -2.21E+01  9.65E+03
   3.4823E-06       49  9.5311E-03  5.1952E-01 -6.7427E-01 -2.19E+01  9.65E+03
   3.4823E-06       50  9.7276E-03  5.0297E-01 -6.6376E-01 -2.17E+01  9.65E+03
   3.4823E-06       51  9.9242E-03  4.8564E-01 -6.5322E-01 -2.15E+01  9.65E+03
   3.4823E-06       52  1.0121E-02  4.9135E-01 -6.9472E-01 -2.12E+01  9.04E+03
   3.4823E-06       53  1.0317E-02  4.8828E-01 -7.2867E-01 -2.05E+01  8.43E+03
   3.4823E-06       54  1.0514E-02  4.8065E-01 -7.1702E-01 -1.98E+01  8.43E+03
   3.4823E-06       55  1.0710E-02  4.7199E-01 -7.0779E-01 -1.91E+01  8.43E+03
   3.4823E-06       56  1.0907E-02  4.6193E-01 -6.9875E-01 -1.84E+01  8.43E+03
   3.4823E-06       57  1.1103E-02  4.5397E-01 -6.9037E-01 -1.78E+01  8.43E+03
   3.4823E-06       58  1.1300E-02  4.2028E-01 -5.9262E-01 -1.74E+01  9.65E+03
   3.4823E-06       59  1.1496E-02  4.0492E-01 -5.8206E-01 -1.72E+01  9.65E+03
   3.4823E-06       60  1.1693E-02  3.9047E-01 -5.7060E-01 -1.70E+01  9.65E+03
   3.4823E-06       61  1.1889E-02  3.7851E-01 -5.5925E-01 -1.68E+01  9.65E+03
   3.4823E-06       62  1.2086E-02  3.8165E-01 -5.8925E-01 -1.66E+01  9.04E+03
   3.4823E-06       63  1.2282E-02  3.8357E-01 -6.1892E-01 -1.61E+01  8.43E+03
   3.4823E-06       64  1.2479E-02  3.7791E-01 -6.0853E-01 -1.57E+01  8.43E+03
   3.4823E-06       65  1.2675E-02  3.7097E-01 -5.9898E-01 -1.52E+01  8.43E+03
   3.4823E-06       66  1.2872E-02  3.6255E-01 -5.9039E-01 -1.47E+01  8.43E+03
   3.4823E-06       67  1.3068E-02  3.5715E-01 -5.8237E-01 -1.43E+01  8.43E+03
   3.4823E-06       68  1.3265E-02  3.3111E-01 -5.0004E-01 -1.41E+01  9.65E+03
   3.4823E-06       69  1.3461E-02  3.2504E-01 -4.9081E-01 -1.39E+01  9.65E+03
   3.4823E-06       70  1.3658E-02  3.2084E-01 -4.8511E-01 -1.37E+01  4.82E+03
   3.4823E-06       71  1.3855E-02  3.1383E-01 -4.7398E-01 -1.35E+01  9.65E+03
   3.4823E-06       72  1.4051E-02  3.0422E-01 -4.6111E-01 -1.32E+01  9.65E+03
   3.4823E-06       73  1.4248E-02  3.1099E-01 -5.1459E-01 -1.26E+01  8.43E+03
   3.4823E-06       74  1.4444E-02  2.9255E-01 -4.9494E-01 -1.21E+01  8.43E+03
   3.4823E-06       75  1.4641E-02  2.7778E-01 -4.7326E-01 -1.14E+01  8.43E+03
   3.4823E-06       76  1.4837E-02  2.6755E-01 -4.5239E-01 -1.08E+01  8.43E+03
   3.4823E-06       77  1.5034E-02  2.5740E-01 -4.2728E-01 -1.00E+01  8.43E+03
   3.4823E-06       78  1.5230E-02  2.3936E-01 -3.7168E-01 -9.05E+00  9.04E+03
   3.4823E-06       79  1.5427E-02  2.0981E-01 -3.1464E-01 -8.25E+00  9.65E+03
   3.4823E-06       80  1.5623E-02  1.8774E-01 -2.8063E-01 -7.52E+00  9.65E+03
   3.4823E-06       81  1.5820E-02  1.6604E-01 -2.4651E-01 -6.82E+00  9.65E+03
   3.4823E-06       82  1.6016E-02  1.4307E-01 -2.1278E-01 -6.17E+00  9.65E+03
   3.4823E-06       83  1.6213E-02  1.2475E-01 -2.0522E-01 -5.27E+00  8.43E+03
   3.4823E-06       84  1.6409E-02  1.0257E-01 -1.7040E-01 -4.37E+00  8.43E+03
   3.4823E-06       85  1.6606E-02  8.3833E-02 -1.3923E-01 -3.57E+00  8.43E+03
   3.4823E-06       86  1.6802E-02  6.9123E-02 -1.1194E-01 -2.85E+00  8.43E+03
   3.4823E-06       87  1.6999E-02  5.9006E-02 -9.1223E-02 -2.24E+00  8.43E+03
   3.4823E-06       88  1.7195E-02  5.0569E-02 -6.9603E-02 -1.63E+00  9.04E+03
   3.4823E-06       89  1.7392E-02  4.2299E-02 -5.2532E-02 -1.15E+00  9.65E+03
   3.4823E-06       90  1.7588E-02  3.5129E-02 -4.1853E-02 -8.05E-01  9.65E+03
   3.4823E-06       91  1.7785E-02  2.8207E-02 -3.1803E-02 -5.19E-01  9.65E+03
   3.4823E-06       92  1.7981E-02  2.2867E-02 -2.2956E-02 -3.18E-01  9.65E+03
   3.4823E-06       93  1.8178E-02  1.7526E-02 -1.9701E-02 -1.61E-01  8.43E+03
   3.4823E-06       94  1.8374E-02  1.4760E-02 -1.6698E-02 -8.37E-02  8.43E+03
   3.4823E-06       95  1.8571E-02  1.4167E-02 -1.4912E-02 -8.46E-02  8.43E+03
   3.4823E-06       96  1.8767E-02  1.2478E-02 -1.2150E-02 -9.62E-02  8.43E+03
   3.4823E-06       97  1.8964E-02  1.2355E-02 -9.8984E-03 -1.06E-01  8.43E+03
   3.4823E-06       98  1.9161E-02  1.4034E-02 -8.0755E-03 -1.19E-01  9.04E+03
   3.4823E-06       99  1.9357E-02  1.6540E-02 -9.4049E-03 -8.36E-02  9.65E+03
   3.4823E-06      100  1.9554E-02  1.5712E-02 -9.6720E-03 -6.73E-02  9.65E+03
   3.5069E-06        1  9.8247E-05  1.4029E+00 -1.4093E+00 -9.85E+01  8.30E+03
   3.5069E-06        2  2.9474E-04  1.4551E+00 -1.4854E+00 -9.87E+01  9.46E+03
   3.5069E-06        3  4.9123E-04  1.4565E+00 -1.5046E+00 -9.89E+01  9.24E+03
   3.5069E-06        4  6.8773E-04  1.4129E+00 -1.4863E+00 -9.89E+01  9.24E+03
   3.5069E-06        5  8.8422E-04  1.4161E+00 -1.4947E+00 -9.87E+01  8.49E+03
   3.5069E-06        6  1.0807E-03  1.4148E+00 -1.5184E+00 -9.83E+01  8.66E+03
   3.5069E-06        7  1.2772E-03  1.3829E+00 -1.4916E+00 -9.67E+01  9.45E+03
   3.5069E-06        8  1.4737E-03  1.3563E+00 -1.4476E+00 -9.66E+01  9.43E+03
   3.5069E-06        9  1.6702E-03  1.3831E+00 -1.4457E+00 -9.72E+01  9.36E+03
   3.5069E-06       10  1.8667E-03  1.3859E+00 -1.4723E+00 -9.77E+01  1.11E+04
   3.5069E-06       11  2.0632E-03  1.3502E+00 -1.4290E+00 -9.75E+01  1.04E+04
   3.5069E-06       12  2.2597E-03  1.3102E+00 -1.4046E+00 -9.79E+01  9.58E+03
   3.5069E-06       13  2.4562E-03  1.3363E+00 -1.4593E+00 -9.66E+01  9.23E+03
   3.5069E-06       14  2.6527E-03  1.2794E+00 -1.4185E+00 -9.05E+01  9.13E+03
   3.5069E-06       15  2.8492E-03  1.3014E+00 -1.4336E+00 -8.49E+01  8.43E+03
   3.5069E-06       16  3.0456E-03  1.2818E+00 -1.4362E+00 -8.02E+01  8.43E+03
   3.5069E-06       17  3.2421E-03  1.2769E+00 -1.4202E+00 -7.29E+01  8.84E+03
   3.5069E-06       18  3.4386E-03  1.1885E+00 -1.3026E+00 -7.08E+01  9.43E+03
   3.5069E-06       19  3.6351E-03  1.1733E+00 -1.2767E+00 -7.09E+01  9.46E+03
   3.5069E-06       20  3.8316E-03  1.1686E+00 -1.2341E+00 -7.09E+01  9.65E+03
   3.5069E-06       21  4.0281E-03  1.0937E+00 -1.1944E+00 -7.10E+01  9.54E+03
   3.5069E-06       22  4.2246E-03  1.1233E+00 -1.2494E+00 -6.98E+01  9.14E+03
   3.5069E-06       23  4.4211E-03  1.0619E+00 -1.2404E+00 -6.30E+01  8.43E+03
   3.5069E-06       24  4.6176E-03  1.0342E+00 -1.2064E+00 -5.89E+01  8.43E+03
   3.5069E-06       25  4.8141E-03  1.0079E+00 -1.1816E+00 -5.48E+01  8.43E+03
   3.5069E-06       26  5.0106E-03  9.7941E-01 -1.1645E+00 -5.09E+01  8.43E+03
   3.5069E-06       27  5.2071E-03  9.6154E-01 -1.1249E+00 -4.62E+01  8.92E+03
   3.5069E-06       28  5.4036E-03  8.8252E-01 -1.0216E+00 -4.46E+01  9.34E+03
   3.5069E-06       29  5.6001E-03  8.7030E-01 -9.8944E-01 -4.38E+01  9.58E+03
   3.5069E-06       30  5.7966E-03  8.6458E-01 -9.6059E-01 -4.34E+01  9.65E+03
   3.5069E-06       31  5.9930E-03  8.0858E-01 -9.2851E-01 -4.31E+01  9.65E+03
   3.5069E-06       32  6.1895E-03  8.3406E-01 -9.9407E-01 -4.17E+01  9.04E+03
   3.5069E-06       33  6.3860E-03  7.9429E-01 -1.0028E+00 -3.87E+01  8.43E+03
   3.5069E-06       34  6.5825E-03  7.7336E-01 -9.7741E-01 -3.66E+01  8.43E+03
   3.5069E-06       35  6.7790E-03  7.5212E-01 -9.5739E-01 -3.45E+01  8.43E+03
   3.5069E-06       36  6.9755E-03  7.3439E-01 -9.4270E-01 -3.26E+01  8.43E+03
   3.5069E-06       37  7.1720E-03  7.2157E-01 -9.3035E-01 -3.10E+01  8.43E+03
   3.5069E-06       38  7.3685E-03  6.6888E-01 -8.0498E-01 -2.94E+01  9.65E+03
   3.5069E-06       39  7.5650E-03  6.5921E-01 -7.9083E-01 -2.92E+01  9.65E+03
   3.5069E-06       40  7.7615E-03  6.4936E-01 -7.7507E-01 -2.90E+01  9.65E+03
   3.5069E-06       41  7.9580E-03  6.1210E-01 -7.5776E-01 -2.88E+01  9.65E+03
   3.5069E-06       42  8.1545E-03  6.2030E-01 -8.0615E-01 -2.82E+01  9.04E+03
   3.5069E-06       43  8.3510E-03  6.0379E-01 -8.3549E-01 -2.68E+01  8.43E+03
   3.5069E-06       44  8.5475E-03  5.8948E-01 -8.1867E-01 -2.58E+01  8.43E+03
   3.5069E-06       45  8.7440E-03  5.7992E-01 -8.0749E-01 -2.47E+01  8.43E+03
   3.5069E-06       46  8.9404E-03  5.7357E-01 -7.9941E-01 -2.37E+01  8.43E+03
   3.5069E-06       47  9.1369E-03  5.6968E-01 -7.9273E-01 -2.30E+01  8.43E+03
   3.5069E-06       48  9.3334E-03  5.3710E-01 -6.8422E-01 -2.22E+01  9.65E+03
   3.5069E-06       49  9.5299E-03  5.2057E-01 -6.7503E-01 -2.20E+01  9.65E+03
   3.5069E-06       50  9.7264E-03  5.0718E-01 -6.6688E-01 -2.19E+01  9.65E+03
   3.5069E-06       51  9.9229E-03  4.8909E-01 -6.5611E-01 -2.17E+01  9.65E+03
   3.5069E-06       52  1.0119E-02  4.9424E-01 -6.9718E-01 -2.13E+01  9.04E+03
   3.5069E-06       53  1.0316E-02  4.9183E-01 -7.3205E-01 -2.06E+01  8.43E+03
   3.5069E-06       54  1.0512E-02  4.8462E-01 -7.2074E-01 -1.99E+01  8.43E+03
   3.5069E-06       55  1.0709E-02  4.7531E-01 -7.1101E-01 -1.92E+01  8.43E+03
   3.5069E-06       56  1.0905E-02  4.6612E-01 -7.0261E-01 -1.85E+01  8.43E+03
   3.5069E-06       57  1.1102E-02  4.5735E-01 -6.9358E-01 -1.79E+01  8.43E+03
   3.5069E-06       58  1.1298E-02  4.2402E-01 -5.9559E-01 -1.75E+01  9.65E+03
   3.5069E-06       59  1.1495E-02  4.0665E-01 -5.8356E-01 -1.73E+01  9.65E+03
   3.5069E-06       60  1.1691E-02  3.9248E-01 -5.7240E-01 -1.71E+01  9.65E+03
   3.5069E-06       61  1.1888E-02  3.8006E-01 -5.6085E-01 -1.70E+01  9.65E+03
   3.5069E-06       62  1.2084E-02  3.8457E-01 -5.9207E-01 -1.67E+01  9.04E+03
   3.5069E-06       63  1.2281E-02  3.8663E-01 -6.2199E-01 -1.63E+01  8.43E+03
   3.5069E-06       64  1.2477E-02  3.8006E-01 -6.1099E-01 -1.58E+01  8.43E+03
   3.5069E-06       65  1.2674E-02  3.7441E-01 -6.0241E-01 -1.53E+01  8.43E+03
   3.5069E-06       66  1.2870E-02  3.6589E-01 -5.9397E-01 -1.49E+01  8.43E+03
   3.5069E-06       67  1.3067E-02  3.6150E-01 -5.8721E-01 -1.44E+01  8.43E+03
   3.5069E-06       68  1.3263E-02  3.3408E-01 -5.0387E-01 -1.42E+01  9.65E+03
   3.5069E-06       69  1.3460E-02  3.2828E-01 -4.9551E-01 -1.40E+01  9.65E+03
   3.5069E-06       70  1.3656E-02  3.2525E-01 -4.9109E-01 -1.38E+01  4.82E+03
   3.5069E-06       71  1.3853E-02  3.1732E-01 -4.7964E-01 -1.37E+01  9.65E+03
   3.5069E-06       72  1.4049E-02  3.0909E-01 -4.6833E-01 -1.34E+01  9.65E+03
   3.5069E-06       73  1.4246E-02  3.1569E-01 -5.2265E-01 -1.28E+01  8.43E+03
   3.5069E-06       74  1.4442E-02  2.9856E-01 -5.0456E-01 -1.23E+01  8.43E+03
   3.5069E-06       75  1.4639E-02  2.8616E-01 -4.8582E-01 -1.17E+01  8.43E+03
   3.5069E-06       76  1.4835E-02  2.7479E-01 -4.6512E-01 -1.10E+01  8.43E+03
   3.5069E-06       77  1.5032E-02  2.6782E-01 -4.4344E-01 -1.04E+01  8.43E+03
   3.5069E-06       78  1.5228E-02  2.4937E-01 -3.8756E-01 -9.44E+00  9.04E+03
   3.5069E-06       79  1.5425E-02  2.2088E-01 -3.3092E-01 -8.68E+00  9.65E+03
   3.5069E-06       80  1.5621E-02  1.9845E-01 -2.9725E-01 -8.02E+00  9.65E+03
   3.5069E-06       81  1.5818E-02  1.7534E-01 -2.6166E-01 -7.30E+00  9.65E+03
   3.5069E-06       82  1.6014E-02  1.5336E-01 -2.2835E-01 -6.63E+00  9.65E+03
   3.5069E-06       83  1.6211E-02  1.3919E-01 -2.2673E-01 -5.76E+00  8.43E+03
   3.5069E-06       84  1.6407E-02  1.1485E-01 -1.8997E-01 -4.87E+00  8.43E+03
   3.5069E-06       85  1.6604E-02  9.4529E-02 -1.5670E-01 -4.02E+00  8.43E+03
   3.5069E-06       86  1.6800E-02  7.7301E-02 -1.2654E-01 -3.23E+00  8.43E+03
   3.5069E-06       87  1.6997E-02  6.6108E-02 -1.0373E-01 -2.53E+00  8.43E+03
   3.5069E-06       88  1.7193E-02  5.6645E-02 -8.0135E-02 -1.85E+00  9.04E+03
   3.5069E-06       89  1.7390E-02  4.6807E-02 -6.0636E-02 -1.35E+00  9.65E+03
   3.5069E-06       90  1.7586E-02  3.8757E-02 -4.8468E-02 -9.76E-01  9.65E+03
   3.5069E-06       91  1.7783E-02  3.1605E-02 -3.7417E-02 -6.76E-01  9.65E+03
   3.5069E-06       92  1.7979E-02  2.6061E-02 -2.7409E-02 -4.53E-01  9.65E+03
   3.5069E-06       93  1.8176E-02  2.1234E-02 -2.4051E-02 -2.40E-01  8.43E+03
   3.5069E-06       94  1.8372E-02  1.8117E-02 -1.9705E-02 -1.37E-01  8.43E+03
   3.5069E-06       95  1.8569E-02  1.6171E-02 -1.6136E-02 -1.22E-01  8.43E+03
   3.5069E-06       96  1.8765E-02  1.4155E-02 -1.3288E-02 -1.42E-01  8.43E+03
   3.5069E-06       97  1.8962E-02  1.2422E-02 -1.0020E-02 -1.38E-01  8.43E+03
   3.5069E-06       98  1.9158E-02  1.3976E-02 -8.5700E-03 -1.04E-01  9.04E+03
   3.5069E-06       99  1.9355E-02  1.5755E-02 -9.1803E-03 -5.80E-02  9.65E+03
   3.5069E-06      100  1.9551E-02  1.4707E-02 -8.9929E-03 -7.27E-02  9.65E+03