3.4997E-06        1  9.3001E-05  7.9769E+00 -7.8495E+00 -3.63E+02  9.70E+03
   3.4997E-06        2  2.7900E-04  1.0391E+01 -1.0276E+01 -3.63E+02  9.66E+03
   3.4997E-06        3  4.6500E-04  1.0525E+01 -1.0357E+01 -3.60E+02  9.67E+03
   3.4997E-06        4  6.5101E-04  1.0757E+01 -1.0602E+01 -3.58E+02  1.01E+04
   3.4997E-06        5  8.3701E-04  1.1062E+01 -1.0942E+01 -3.56E+02  1.30E+04
   3.4997E-06        6  1.0230E-03  1.1433E+01 -1.1324E+01 -3.56E+02  9.73E+03
   3.4997E-06        7  1.2090E-03  1.1449E+01 -1.1405E+01 -3.56E+02  9.76E+03
   3.4997E-06        8  1.3950E-03  1.1042E+01 -1.1085E+01 -3.57E+02  1.02E+04
   3.4997E-06        9  1.5810E-03  1.1111E+01 -1.1188E+01 -3.59E+02  9.72E+03
   3.4997E-06       10  1.7670E-03  1.1189E+01 -1.1259E+01 -3.61E+02  9.92E+03
   3.4997E-06       11  1.9530E-03  1.1224E+01 -1.1305E+01 -3.64E+02  9.99E+03
   3.4997E-06       12  2.1390E-03  1.1262E+01 -1.1326E+01 -3.68E+02  9.84E+03
   3.4997E-06       13  2.3250E-03  1.1286E+01 -1.1321E+01 -3.72E+02  9.78E+03
   3.4997E-06       14  2.5110E-03  1.1546E+01 -1.1547E+01 -3.76E+02  9.56E+03
   3.4997E-06       15  2.6970E-03  1.1711E+01 -1.1699E+01 -3.80E+02  1.01E+04
   3.4997E-06       16  2.8830E-03  1.1660E+01 -1.1646E+01 -3.85E+02  1.25E+04
   3.4997E-06       17  3.0690E-03  1.1281E+01 -1.1287E+01 -3.89E+02  1.11E+04
   3.4997E-06       18  3.2550E-03  1.1057E+01 -1.1036E+01 -3.91E+02  9.82E+03
   3.4997E-06       19  3.4410E-03  1.1068E+01 -1.0971E+01 -3.93E+02  9.96E+03
   3.4997E-06       20  3.6270E-03  1.1014E+01 -1.0886E+01 -3.94E+02  1.02E+04
   3.4997E-06       21  3.8130E-03  1.0953E+01 -1.0806E+01 -3.95E+02  1.00E+04
   3.4997E-06       22  3.9990E-03  1.0895E+01 -1.0702E+01 -3.94E+02  9.88E+03
   3.4997E-06       23  4.1850E-03  1.0907E+01 -1.0691E+01 -3.93E+02  9.74E+03
   3.4997E-06       24  4.3710E-03  1.0999E+01 -1.0785E+01 -3.91E+02  9.32E+03
   3.4997E-06       25  4.5570E-03  1.1113E+01 -1.0911E+01 -3.88E+02  9.48E+03
   3.4997E-06       26  4.7430E-03  1.0946E+01 -1.0765E+01 -3.85E+02  9.83E+03
   3.4997E-06       27  4.9290E-03  1.0719E+01 -1.0592E+01 -3.80E+02  9.81E+03
   3.4997E-06       28  5.1151E-03  1.0692E+01 -1.0632E+01 -3.76E+02  1.07E+04
   3.4997E-06       29  5.3011E-03  1.0911E+01 -1.0889E+01 -3.72E+02  1.21E+04
   3.4997E-06       30  5.4871E-03  1.1186E+01 -1.1212E+01 -3.68E+02  1.13E+04
   3.4997E-06       31  5.6731E-03  1.1389E+01 -1.1475E+01 -3.65E+02  1.01E+04
   3.4997E-06       32  5.8591E-03  1.1522E+01 -1.1718E+01 -3.63E+02  1.01E+04
   3.4997E-06       33  6.0451E-03  1.1898E+01 -1.2120E+01 -3.62E+02  9.71E+03
   3.4997E-06       34  6.2311E-03  1.2131E+01 -1.2349E+01 -3.61E+02  9.36E+03
   3.4997E-06       35  6.4171E-03  1.2274E+01 -1.2473E+01 -3.63E+02  9.63E+03
   3.4997E-06       36  6.6031E-03  1.1898E+01 -1.2046E+01 -3.66E+02  9.62E+03
   3.4997E-06       37  6.7891E-03  1.1661E+01 -1.1752E+01 -3.69E+02  1.00E+04
   3.4997E-06       38  6.9751E-03  1.1619E+01 -1.1645E+01 -3.73E+02  1.02E+04
   3.4997E-06       39  7.1611E-03  1.1623E+01 -1.1572E+01 -3.76E+02  1.06E+04
   3.4997E-06       40  7.3471E-03  1.1640E+01 -1.1551E+01 -3.81E+02  1.22E+04
   3.4997E-06       41  7.5331E-03  1.1534E+01 -1.1429E+01 -3.84E+02  1.07E+04
   3.4997E-06       42  7.7191E-03  1.1411E+01 -1.1348E+01 -3.87E+02  1.02E+04
   3.4997E-06       43  7.9051E-03  1.1366E+01 -1.1364E+01 -3.90E+02  9.73E+03
   3.4997E-06       44  8.0911E-03  1.1353E+01 -1.1363E+01 -3.92E+02  9.49E+03
   3.4997E-06       45  8.2771E-03  1.1046E+01 -1.1071E+01 -3.93E+02  9.56E+03
   3.4997E-06       46  8.4631E-03  1.0581E+01 -1.0609E+01 -3.94E+02  9.95E+03
   3.4997E-06       47  8.6491E-03  1.0279E+01 -1.0322E+01 -3.95E+02  1.01E+04
   3.4997E-06       48  8.8351E-03  1.0219E+01 -1.0265E+01 -3.97E+02  1.02E+04
   3.4997E-06       49  9.0211E-03  1.0226E+01 -1.0304E+01 -3.93E+02  9.73E+03
   3.4997E-06       50  9.2071E-03  1.0214E+01 -1.0309E+01 -3.93E+02  9.88E+03
   3.4997E-06       51  9.3931E-03  1.0252E+01 -1.0382E+01 -3.89E+02  9.87E+03
   3.4997E-06       52  9.5791E-03  1.0403E+01 -1.0595E+01 -3.75E+02  1.12E+04
   3.4997E-06       53  9.7651E-03  1.0344E+01 -1.0545E+01 -3.50E+02  1.22E+04
   3.4997E-06       54  9.9511E-03  1.0113E+01 -1.0363E+01 -3.24E+02  9.66E+03
   3.4997E-06       55  1.0137E-02  9.1578E+00 -9.4253E+00 -2.83E+02  9.77E+03
   3.4997E-06       56  1.0323E-02  8.2070E+00 -8.4662E+00 -2.60E+02  1.00E+04
   3.4997E-06       57  1.0509E-02  7.2986E+00 -7.5470E+00 -2.42E+02  1.02E+04
   3.4997E-06       58  1.0695E-02  6.4020E+00 -6.6231E+00 -2.24E+02  1.02E+04
   3.4997E-06       59  1.0881E-02  5.4874E+00 -5.7269E+00 -2.05E+02  9.85E+03
   3.4997E-06       60  1.1067E-02  4.5827E+00 -4.8349E+00 -1.87E+02  9.54E+03
   3.4997E-06       61  1.1253E-02  3.7982E+00 -4.0631E+00 -1.63E+02  8.95E+03
   3.4997E-06       62  1.1439E-02  3.2772E+00 -3.5291E+00 -1.41E+02  6.33E+03
   3.4997E-06       63  1.1625E-02  2.8867E+00 -3.1587E+00 -1.13E+02  9.03E+03
   3.4997E-06       64  1.1811E-02  2.3983E+00 -2.6625E+00 -8.95E+01  9.08E+03
   3.4997E-06       65  1.1997E-02  1.9889E+00 -2.2268E+00 -7.03E+01  9.40E+03
   3.4997E-06       66  1.2183E-02  1.6317E+00 -1.8412E+00 -5.61E+01  9.99E+03
   3.4997E-06       67  1.2369E-02  1.3831E+00 -1.5822E+00 -4.81E+01  1.02E+04
   3.4997E-06       68  1.2555E-02  1.1921E+00 -1.3885E+00 -4.21E+01  1.02E+04
   3.4997E-06       69  1.2741E-02  1.0105E+00 -1.2134E+00 -3.71E+01  1.02E+04
   3.4997E-06       70  1.2927E-02  8.6939E-01 -1.0760E+00 -3.33E+01  1.02E+04
   3.4997E-06       71  1.3113E-02  7.8469E-01 -1.0113E+00 -3.04E+01  4.90E+03
   3.4997E-06       72  1.3299E-02  7.4117E-01 -9.7506E-01 -2.75E+01  9.40E+03
   3.4997E-06       73  1.3485E-02  6.7727E-01 -9.1637E-01 -2.41E+01  9.10E+03
   3.4997E-06       74  1.3671E-02  6.2865E-01 -8.6288E-01 -2.12E+01  9.03E+03
   3.4997E-06       75  1.3857E-02  5.7553E-01 -7.9752E-01 -1.88E+01  9.18E+03
   3.4997E-06       76  1.4043E-02  4.9761E-01 -6.9846E-01 -1.69E+01  9.67E+03
   3.4997E-06       77  1.4229E-02  4.4156E-01 -6.1494E-01 -1.56E+01  1.02E+04
   3.4997E-06       78  1.4415E-02  4.2766E-01 -5.9174E-01 -1.51E+01  1.02E+04
   3.4997E-06       79  1.4601E-02  4.0684E-01 -5.6821E-01 -1.46E+01  5.10E+03
   3.4997E-06       80  1.4787E-02  3.7321E-01 -5.2745E-01 -1.37E+01  1.02E+04
   3.4997E-06       81  1.4973E-02  3.3079E-01 -4.7838E-01 -1.25E+01  1.02E+04
   3.4997E-06       82  1.5159E-02  2.9592E-01 -4.5038E-01 -1.13E+01  9.67E+03
   3.4997E-06       83  1.5345E-02  2.6854E-01 -4.1350E-01 -9.80E+00  9.20E+03
   3.4997E-06       84  1.5531E-02  2.4174E-01 -3.6701E-01 -8.29E+00  9.03E+03
   3.4997E-06       85  1.5717E-02  2.1622E-01 -3.1738E-01 -6.86E+00  9.10E+03
   3.4997E-06       86  1.5903E-02  1.9913E-01 -2.8193E-01 -5.89E+00  4.62E+03
   3.4997E-06       87  1.6089E-02  1.8124E-01 -2.4542E-01 -4.99E+00  9.63E+03
   3.4997E-06       88  1.6275E-02  1.6080E-01 -2.0152E-01 -3.95E+00  1.02E+04
   3.4997E-06       89  1.6461E-02  1.4236E-01 -1.7208E-01 -3.14E+00  1.02E+04
   3.4997E-06       90  1.6647E-02  1.2410E-01 -1.4434E-01 -2.41E+00  1.02E+04
   3.4997E-06       91  1.6833E-02  1.1052E-01 -1.1967E-01 -1.77E+00  1.02E+04
   3.4997E-06       92  1.7019E-02  9.8866E-02 -1.0161E-01 -1.27E+00  9.99E+03
   3.4997E-06       93  1.7205E-02  9.5451E-02 -9.7043E-02 -1.00E+00  4.76E+03
   3.4997E-06       94  1.7391E-02  8.7633E-02 -8.8771E-02 -8.53E-01  9.20E+03
   3.4997E-06       95  1.7577E-02  7.7492E-02 -7.6375E-02 -7.46E-01  9.03E+03
   3.4997E-06       96  1.7763E-02  7.0740E-02 -6.3933E-02 -7.11E-01  9.10E+03
   3.4997E-06       97  1.7949E-02  6.7976E-02 -5.5528E-02 -5.71E-01  9.38E+03
   3.4997E-06       98  1.8135E-02  6.8693E-02 -5.0505E-02 -3.15E-01  9.99E+03
   3.4997E-06       99  1.8321E-02  7.0333E-02 -4.8443E-02 -1.37E-01  1.02E+04
   3.4997E-06      100  1.8507E-02  6.2404E-02 -4.2322E-02 -7.70E-02  1.02E+04
   3.5139E-06        1  9.2972E-05  7.9660E+00 -7.8552E+00 -3.62E+02  9.69E+03
   3.5139E-06        2  2.7892E-04  1.0438E+01 -1.0348E+01 -3.62E+02  9.66E+03
   3.5139E-06        3  4.6486E-04  1.0560E+01 -1.0413E+01 -3.59E+02  9.67E+03
   3.5139E-06        4  6.5081E-04  1.0777E+01 -1.0636E+01 -3.57E+02  1.03E+04
   3.5139E-06        5  8.3675E-04  1.1079E+01 -1.0964E+01 -3.55E+02  1.30E+04
   3.5139E-06        6  1.0227E-03  1.1433E+01 -1.1323E+01 -3.55E+02  9.73E+03
   3.5139E-06        7  1.2086E-03  1.1437E+01 -1.1388E+01 -3.55E+02  9.76E+03
   3.5139E-06        8  1.3946E-03  1.1022E+01 -1.1054E+01 -3.56E+02  1.02E+04
   3.5139E-06        9  1.5805E-03  1.1078E+01 -1.1139E+01 -3.58E+02  9.73E+03
   3.5139E-06       10  1.7665E-03  1.1147E+01 -1.1193E+01 -3.61E+02  9.92E+03
   3.5139E-06       11  1.9524E-03  1.1169E+01 -1.1219E+01 -3.64E+02  1.00E+04
   3.5139E-06       12  2.1384E-03  1.1200E+01 -1.1230E+01 -3.68E+02  9.84E+03
   3.5139E-06       13  2.3243E-03  1.1229E+01 -1.1232E+01 -3.73E+02  9.77E+03
   3.5139E-06       14  2.5103E-03  1.1492E+01 -1.1462E+01 -3.76E+02  9.55E+03
   3.5139E-06       15  2.6962E-03  1.1656E+01 -1.1612E+01 -3.80E+02  9.92E+03
   3.5139E-06       16  2.8821E-03  1.1613E+01 -1.1569E+01 -3.85E+02  1.24E+04
   3.5139E-06       17  3.0681E-03  1.1241E+01 -1.1221E+01 -3.89E+02  1.13E+04
   3.5139E-06       18  3.2540E-03  1.1031E+01 -1.0992E+01 -3.92E+02  9.77E+03
   3.5139E-06       19  3.4400E-03  1.1041E+01 -1.0936E+01 -3.94E+02  1.00E+04
   3.5139E-06       20  3.6259E-03  1.1000E+01 -1.0866E+01 -3.95E+02  1.02E+04
   3.5139E-06       21  3.8119E-03  1.0949E+01 -1.0801E+01 -3.96E+02  1.00E+04
   3.5139E-06       22  3.9978E-03  1.0900E+01 -1.0714E+01 -3.95E+02  9.91E+03
   3.5139E-06       23  4.1838E-03  1.0935E+01 -1.0731E+01 -3.94E+02  9.77E+03
   3.5139E-06       24  4.3697E-03  1.1034E+01 -1.0841E+01 -3.92E+02  9.31E+03
   3.5139E-06       25  4.5556E-03  1.1159E+01 -1.0986E+01 -3.88E+02  9.47E+03
   3.5139E-06       26  4.7416E-03  1.1000E+01 -1.0854E+01 -3.84E+02  9.82E+03
   3.5139E-06       27  4.9275E-03  1.0777E+01 -1.0685E+01 -3.79E+02  9.74E+03
   3.5139E-06       28  5.1135E-03  1.0740E+01 -1.0716E+01 -3.75E+02  1.06E+04
   3.5139E-06       29  5.2994E-03  1.0947E+01 -1.0955E+01 -3.70E+02  1.19E+04
   3.5139E-06       30  5.4854E-03  1.1230E+01 -1.1277E+01 -3.66E+02  1.17E+04
   3.5139E-06       31  5.6713E-03  1.1416E+01 -1.1518E+01 -3.64E+02  1.01E+04
   3.5139E-06       32  5.8573E-03  1.1540E+01 -1.1743E+01 -3.62E+02  1.01E+04
   3.5139E-06       33  6.0432E-03  1.1906E+01 -1.2126E+01 -3.61E+02  9.73E+03
   3.5139E-06       34  6.2292E-03  1.2109E+01 -1.2319E+01 -3.61E+02  9.39E+03
   3.5139E-06       35  6.4151E-03  1.2234E+01 -1.2413E+01 -3.63E+02  9.65E+03
   3.5139E-06       36  6.6010E-03  1.1833E+01 -1.1952E+01 -3.66E+02  9.60E+03
   3.5139E-06       37  6.7870E-03  1.1613E+01 -1.1674E+01 -3.70E+02  1.00E+04
   3.5139E-06       38  6.9729E-03  1.1569E+01 -1.1565E+01 -3.73E+02  1.02E+04
   3.5139E-06       39  7.1589E-03  1.1572E+01 -1.1496E+01 -3.77E+02  1.03E+04
   3.5139E-06       40  7.3448E-03  1.1581E+01 -1.1469E+01 -3.81E+02  1.18E+04
   3.5139E-06       41  7.5308E-03  1.1495E+01 -1.1376E+01 -3.85E+02  1.12E+04
   3.5139E-06       42  7.7167E-03  1.1361E+01 -1.1294E+01 -3.89E+02  1.02E+04
   3.5139E-06       43  7.9027E-03  1.1321E+01 -1.1322E+01 -3.92E+02  9.79E+03
   3.5139E-06       44  8.0886E-03  1.1312E+01 -1.1330E+01 -3.94E+02  9.50E+03
   3.5139E-06       45  8.2745E-03  1.1034E+01 -1.1067E+01 -3.94E+02  9.57E+03
   3.5139E-06       46  8.4605E-03  1.0572E+01 -1.0609E+01 -3.95E+02  9.93E+03
   3.5139E-06       47  8.6464E-03  1.0277E+01 -1.0327E+01 -3.96E+02  1.02E+04
   3.5139E-06       48  8.8324E-03  1.0234E+01 -1.0288E+01 -3.96E+02  1.02E+04
   3.5139E-06       49  9.0183E-03  1.0251E+01 -1.0333E+01 -3.93E+02  9.72E+03
   3.5139E-06       50  9.2043E-03  1.0261E+01 -1.0356E+01 -3.92E+02  9.90E+03
   3.5139E-06       51  9.3902E-03  1.0336E+01 -1.0463E+01 -3.87E+02  9.81E+03
   3.5139E-06       52  9.5762E-03  1.0532E+01 -1.0708E+01 -3.76E+02  1.04E+04
   3.5139E-06       53  9.7621E-03  1.0551E+01 -1.0752E+01 -3.51E+02  1.28E+04
   3.5139E-06       54  9.9480E-03  1.0460E+01 -1.0708E+01 -3.25E+02  9.86E+03
   3.5139E-06       55  1.0134E-02  9.5318E+00 -9.8016E+00 -2.93E+02  9.78E+03
   3.5139E-06       56  1.0320E-02  8.4502E+00 -8.7117E+00 -2.68E+02  1.00E+04
   3.5139E-06       57  1.0506E-02  7.5256E+00 -7.7751E+00 -2.49E+02  1.02E+04
   3.5139E-06       58  1.0692E-02  6.6207E+00 -6.8398E+00 -2.32E+02  1.02E+04
   3.5139E-06       59  1.0878E-02  5.6993E+00 -5.9417E+00 -2.12E+02  9.80E+03
   3.5139E-06       60  1.1064E-02  4.7748E+00 -5.0260E+00 -1.95E+02  9.57E+03
   3.5139E-06       61  1.1250E-02  3.9705E+00 -4.2356E+00 -1.70E+02  9.02E+03
   3.5139E-06       62  1.1436E-02  3.4239E+00 -3.6756E+00 -1.48E+02  6.27E+03
   3.5139E-06       63  1.1622E-02  3.0293E+00 -3.3012E+00 -1.18E+02  9.04E+03
   3.5139E-06       64  1.1807E-02  2.5192E+00 -2.7837E+00 -9.38E+01  9.08E+03
   3.5139E-06       65  1.1993E-02  2.0847E+00 -2.3236E+00 -7.37E+01  9.40E+03
   3.5139E-06       66  1.2179E-02  1.7090E+00 -1.9195E+00 -5.86E+01  9.99E+03
   3.5139E-06       67  1.2365E-02  1.4460E+00 -1.6455E+00 -5.02E+01  1.02E+04
   3.5139E-06       68  1.2551E-02  1.2391E+00 -1.4360E+00 -4.39E+01  1.02E+04
   3.5139E-06       69  1.2737E-02  1.0514E+00 -1.2539E+00 -3.86E+01  1.02E+04
   3.5139E-06       70  1.2923E-02  8.9749E-01 -1.1056E+00 -3.45E+01  1.02E+04
   3.5139E-06       71  1.3109E-02  8.1144E-01 -1.0392E+00 -3.15E+01  4.90E+03
   3.5139E-06       72  1.3295E-02  7.6129E-01 -9.9688E-01 -2.84E+01  9.40E+03
   3.5139E-06       73  1.3481E-02  6.9337E-01 -9.3412E-01 -2.47E+01  9.10E+03
   3.5139E-06       74  1.3667E-02  6.4182E-01 -8.7780E-01 -2.17E+01  9.04E+03
   3.5139E-06       75  1.3853E-02  5.9088E-01 -8.1383E-01 -1.93E+01  9.19E+03
   3.5139E-06       76  1.4039E-02  5.1201E-01 -7.1479E-01 -1.74E+01  9.67E+03
   3.5139E-06       77  1.4225E-02  4.4480E-01 -6.2062E-01 -1.59E+01  1.02E+04
   3.5139E-06       78  1.4411E-02  4.2938E-01 -5.9512E-01 -1.52E+01  1.02E+04
   3.5139E-06       79  1.4597E-02  4.1780E-01 -5.8065E-01 -1.48E+01  5.10E+03
   3.5139E-06       80  1.4783E-02  3.8816E-01 -5.4538E-01 -1.41E+01  1.02E+04
   3.5139E-06       81  1.4969E-02  3.4591E-01 -4.9745E-01 -1.29E+01  1.02E+04
   3.5139E-06       82  1.5155E-02  3.1256E-01 -4.7254E-01 -1.18E+01  9.67E+03
   3.5139E-06       83  1.5340E-02  2.8176E-01 -4.3434E-01 -1.03E+01  9.21E+03
   3.5139E-06       84  1.5526E-02  2.5330E-01 -3.8583E-01 -8.71E+00  9.04E+03
   3.5139E-06       85  1.5712E-02  2.2656E-01 -3.3438E-01 -7.23E+00  9.10E+03
   3.5139E-06       86  1.5898E-02  2.0810E-01 -2.9678E-01 -6.21E+00  4.62E+03
   3.5139E-06       87  1.6084E-02  1.8880E-01 -2.5810E-01 -5.28E+00  9.63E+03
   3.5139E-06       88  1.6270E-02  1.6628E-01 -2.1171E-01 -4.22E+00  1.02E+04
   3.5139E-06       89  1.6456E-02  1.4738E-01 -1.8128E-01 -3.38E+00  1.02E+04
   3.5139E-06       90  1.6642E-02  1.2877E-01 -1.5273E-01 -2.64E+00  1.02E+04
   3.5139E-06       91  1.6828E-02  1.1442E-01 -1.2672E-01 -1.97E+00  1.02E+04
   3.5139E-06       92  1.7014E-02  1.0196E-01 -1.0672E-01 -1.43E+00  1.00E+04
   3.5139E-06       93  1.7200E-02  9.7708E-02 -1.0013E-01 -1.14E+00  4.76E+03
   3.5139E-06       94  1.7386E-02  8.9721E-02 -9.1096E-02 -9.84E-01  9.21E+03
   3.5139E-06       95  1.7572E-02  7.9768E-02 -7.8437E-02 -8.63E-01  9.04E+03
   3.5139E-06       96  1.7758E-02  7.3881E-02 -6.6681E-02 -7.79E-01  9.10E+03
   3.5139E-06       97  1.7944E-02  7.1623E-02 -5.9247E-02 -5.91E-01  9.39E+03
   3.5139E-06       98  1.8130E-02  7.1134E-02 -5.3475E-02 -3.23E-01  1.00E+04
   3.5139E-06       99  1.8316E-02  7.1711E-02 -5.0193E-02 -1.67E-01  1.02E+04
   3.5139E-06      100  1.8502E-02  6.2659E-02 -4.2947E-02 -9.41E-02  1.02E+04