 2.5057E-06    15100        1  9.4989E-05  7.0412E+00 -7.0046E+00 -3.76E+02  9.09E+03
   2.5057E-06    15100        2  2.8497E-04  7.6987E+00 -7.7384E+00 -3.69E+02  9.47E+03
   2.5057E-06    15100        3  4.7494E-04  7.8282E+00 -7.9220E+00 -3.61E+02  9.57E+03
   2.5057E-06    15100        4  6.6492E-04  8.0194E+00 -8.2010E+00 -3.54E+02  1.04E+04
   2.5057E-06    15100        5  8.5490E-04  8.2780E+00 -8.5238E+00 -3.46E+02  1.09E+04
   2.5057E-06    15100        6  1.0449E-03  8.8511E+00 -9.1000E+00 -3.39E+02  9.44E+03
   2.5057E-06    15100        7  1.2349E-03  9.4727E+00 -9.7339E+00 -3.32E+02  8.67E+03
   2.5057E-06    15100        8  1.4248E-03  9.8064E+00 -1.0042E+01 -3.27E+02  1.05E+04
   2.5057E-06    15100        9  1.6148E-03  1.0272E+01 -1.0447E+01 -3.23E+02  1.08E+04
   2.5057E-06    15100       10  1.8048E-03  1.0261E+01 -1.0357E+01 -3.22E+02  1.06E+04
   2.5057E-06    15100       11  1.9948E-03  9.9742E+00 -1.0007E+01 -3.25E+02  9.80E+03
   2.5057E-06    15100       12  2.1847E-03  1.0102E+01 -1.0045E+01 -3.30E+02  9.82E+03
   2.5057E-06    15100       13  2.3747E-03  1.0288E+01 -1.0160E+01 -3.36E+02  9.74E+03
   2.5057E-06    15100       14  2.5647E-03  1.0533E+01 -1.0340E+01 -3.43E+02  9.68E+03
   2.5057E-06    15100       15  2.7547E-03  1.0804E+01 -1.0559E+01 -3.51E+02  9.90E+03
   2.5057E-06    15100       16  2.9447E-03  1.1115E+01 -1.0834E+01 -3.60E+02  1.09E+04
   2.5057E-06    15100       17  3.1346E-03  1.1274E+01 -1.0990E+01 -3.71E+02  1.08E+04
   2.5057E-06    15100       18  3.3246E-03  1.1398E+01 -1.1126E+01 -3.83E+02  9.76E+03
   2.5057E-06    15100       19  3.5146E-03  1.1677E+01 -1.1452E+01 -3.92E+02  9.26E+03
   2.5057E-06    15100       20  3.7046E-03  1.1973E+01 -1.1783E+01 -4.00E+02  1.13E+04
   2.5057E-06    15100       21  3.8945E-03  1.2159E+01 -1.2031E+01 -4.08E+02  1.02E+04
   2.5057E-06    15100       22  4.0845E-03  1.1964E+01 -1.1917E+01 -4.14E+02  9.30E+03
   2.5057E-06    15100       23  4.2745E-03  1.1220E+01 -1.1226E+01 -4.18E+02  9.51E+03
   2.5057E-06    15100       24  4.4645E-03  1.0729E+01 -1.0787E+01 -4.22E+02  9.49E+03
   2.5057E-06    15100       25  4.6545E-03  1.0422E+01 -1.0503E+01 -4.24E+02  9.91E+03
   2.5057E-06    15100       26  4.8444E-03  1.0003E+01 -1.0120E+01 -4.24E+02  9.98E+03
   2.5057E-06    15100       27  5.0344E-03  9.5195E+00 -9.6738E+00 -4.22E+02  1.04E+04
   2.5057E-06    15100       28  5.2244E-03  9.0075E+00 -9.1937E+00 -4.14E+02  1.23E+04
   2.5057E-06    15100       29  5.4144E-03  8.2578E+00 -8.4260E+00 -4.08E+02  1.02E+04
   2.5057E-06    15100       30  5.6043E-03  7.5538E+00 -7.7336E+00 -3.97E+02  9.85E+03
   2.5057E-06    15100       31  5.7943E-03  6.7877E+00 -6.9759E+00 -3.84E+02  9.52E+03
   2.5057E-06    15100       32  5.9843E-03  6.2972E+00 -6.4992E+00 -3.50E+02  9.06E+03
   2.5057E-06    15100       33  6.1743E-03  5.6365E+00 -5.8585E+00 -2.83E+02  8.18E+03
   2.5057E-06    15100       34  6.3643E-03  5.1055E+00 -5.3461E+00 -2.29E+02  8.06E+03
   2.5057E-06    15100       35  6.5542E-03  4.3697E+00 -4.5991E+00 -1.79E+02  8.67E+03
   2.5057E-06    15100       36  6.7442E-03  3.6305E+00 -3.8424E+00 -1.37E+02  9.28E+03
   2.5057E-06    15100       37  6.9342E-03  3.1085E+00 -3.2872E+00 -1.09E+02  9.63E+03
   2.5057E-06    15100       38  7.1242E-03  2.8003E+00 -2.9825E+00 -1.01E+02  9.07E+03
   2.5057E-06    15100       39  7.3141E-03  2.4017E+00 -2.5596E+00 -8.75E+01  9.91E+03
   2.5057E-06    15100       40  7.5041E-03  2.1092E+00 -2.2508E+00 -7.96E+01  9.98E+03
   2.5057E-06    15100       41  7.6941E-03  1.8566E+00 -1.9734E+00 -7.34E+01  9.98E+03
   2.5057E-06    15100       42  7.8841E-03  1.5760E+00 -1.7200E+00 -6.81E+01  9.98E+03
   2.5057E-06    15100       43  8.0741E-03  1.3233E+00 -1.4888E+00 -6.38E+01  9.98E+03
   2.5057E-06    15100       44  8.2640E-03  1.1337E+00 -1.3067E+00 -5.96E+01  9.74E+03
   2.5057E-06    15100       45  8.4540E-03  1.0231E+00 -1.2223E+00 -5.17E+01  8.89E+03
   2.5057E-06    15100       46  8.6440E-03  9.2703E-01 -1.1441E+00 -4.41E+01  8.31E+03
   2.5057E-06    15100       47  8.8340E-03  8.3735E-01 -1.0652E+00 -3.68E+01  8.02E+03
   2.5057E-06    15100       48  9.0239E-03  7.5596E-01 -9.8445E-01 -3.04E+01  7.96E+03
   2.5057E-06    15100       49  9.2139E-03  6.9176E-01 -9.0775E-01 -2.50E+01  8.10E+03
   2.5057E-06    15100       50  9.4039E-03  6.4126E-01 -8.4282E-01 -2.14E+01  4.24E+03
   2.5057E-06    15100       51  9.5939E-03  5.9093E-01 -7.7727E-01 -1.87E+01  8.89E+03
   2.5057E-06    15100       52  9.7839E-03  5.2521E-01 -6.7985E-01 -1.63E+01  9.74E+03
   2.5057E-06    15100       53  9.9738E-03  4.7467E-01 -6.2256E-01 -1.52E+01  9.98E+03
   2.5057E-06    15100       54  1.0164E-02  4.3878E-01 -5.8647E-01 -1.45E+01  9.98E+03
   2.5057E-06    15100       55  1.0354E-02  4.0726E-01 -5.5185E-01 -1.44E+01  9.98E+03
   2.5057E-06    15100       56  1.0544E-02  3.6694E-01 -5.0985E-01 -1.41E+01  9.98E+03
   2.5057E-06    15100       57  1.0734E-02  3.2210E-01 -4.5885E-01 -1.39E+01  9.98E+03
   2.5057E-06    15100       58  1.0924E-02  2.7327E-01 -3.9355E-01 -1.34E+01  9.98E+03
   2.5057E-06    15100       59  1.1114E-02  2.3346E-01 -3.5738E-01 -1.23E+01  9.51E+03
   2.5057E-06    15100       60  1.1304E-02  1.9101E-01 -3.1978E-01 -1.04E+01  8.68E+03
   2.5057E-06    15100       61  1.1494E-02  1.6944E-01 -2.9712E-01 -9.37E+00  8.30E+03
   2.5057E-06    15100       62  1.1684E-02  1.3249E-01 -2.4463E-01 -7.16E+00  8.06E+03
   2.5057E-06    15100       63  1.1874E-02  1.0123E-01 -1.8787E-01 -5.04E+00  7.97E+03
   2.5057E-06    15100       64  1.2064E-02  7.7750E-02 -1.4082E-01 -3.14E+00  8.02E+03
   2.5057E-06    15100       65  1.2254E-02  5.9369E-02 -1.0234E-01 -1.54E+00  8.39E+03
   2.5057E-06    15100       66  1.2444E-02  4.4788E-02 -7.0251E-02 -3.22E-01  9.05E+03
   2.5057E-06    15100       67  1.2634E-02  3.9474E-02 -4.5330E-02  4.68E-01  9.83E+03
   2.5057E-06    15100       68  1.2823E-02  3.7896E-02 -3.0250E-02  7.25E-01  9.98E+03
   2.5057E-06    15100       69  1.3013E-02  3.5091E-02 -2.1819E-02  6.64E-01  9.98E+03
   2.5057E-06    15100       70  1.3203E-02  3.2615E-02 -1.5841E-02  3.37E-01  9.98E+03
   2.5057E-06    15100       71  1.3393E-02  3.1275E-02 -1.3716E-02 -3.63E-02  4.99E+03
   2.5057E-06    15100       72  1.3583E-02  3.0607E-02 -1.2991E-02 -4.60E-01  9.98E+03
   2.5057E-06    15100       73  1.3773E-02  3.0334E-02 -1.6600E-02 -9.50E-01  9.98E+03
   2.5057E-06    15100       74  1.3963E-02  2.8041E-02 -2.3296E-02 -1.16E+00  9.79E+03
   2.5057E-06    15100       75  1.4153E-02  1.8936E-02 -2.9887E-02 -1.00E+00  8.97E+03
   2.5057E-06    15100       76  1.4343E-02  1.7710E-02 -3.1287E-02 -7.94E-01  8.31E+03
   2.5057E-06    15100       77  1.4533E-02  1.6086E-02 -2.7653E-02 -4.78E-01  8.02E+03
   2.5057E-06    15100       78  1.4723E-02  1.6678E-02 -2.5258E-02 -7.86E-02  7.97E+03
   2.5057E-06    15100       79  1.4913E-02  1.7298E-02 -2.3218E-02  3.27E-01  8.10E+03
   2.5057E-06    15100       80  1.5103E-02  1.6068E-02 -2.1138E-02  6.84E-01  8.53E+03
   2.5057E-06    15100       81  1.5293E-02  1.5903E-02 -1.8825E-02  8.87E-01  4.49E+03
   2.5057E-06    15100       82  1.5483E-02  1.7770E-02 -1.4182E-02  1.05E+00  9.63E+03
   2.5057E-06    15100       83  1.5673E-02  2.0891E-02 -6.5883E-03  1.02E+00  9.98E+03
   2.5057E-06    15100       84  1.5863E-02  2.0915E-02 -2.1356E-03  8.04E-01  9.98E+03
   2.5057E-06    15100       85  1.6053E-02  2.0202E-02 -2.9407E-04  4.51E-01  9.98E+03
   2.5057E-06    15100       86  1.6243E-02  2.0794E-02 -2.1512E-03  4.19E-02  9.98E+03
   2.5057E-06    15100       87  1.6433E-02  2.2405E-02 -7.0186E-03 -3.96E-01  9.98E+03
   2.5057E-06    15100       88  1.6623E-02  2.2356E-02 -1.2328E-02 -7.81E-01  9.98E+03
   2.5057E-06    15100       89  1.6813E-02  1.5993E-02 -1.4846E-02 -9.44E-01  9.63E+03
   2.5057E-06    15100       90  1.7003E-02  1.2517E-02 -1.5077E-02 -1.00E+00  8.80E+03
   2.5057E-06    15100       91  1.7193E-02  7.0077E-03 -1.1339E-02 -1.00E+00  4.23E+03
   2.5057E-06    15100       92  1.7383E-02  5.6856E-03 -8.4460E-03 -8.56E-01  8.10E+03
   2.5057E-06    15100       93  1.7573E-02  6.0401E-03 -6.3081E-03 -5.68E-01  7.97E+03
   2.5057E-06    15100       94  1.7763E-02  6.1120E-03 -4.8221E-03 -1.73E-01  8.02E+03
   2.5057E-06    15100       95  1.7953E-02  6.8049E-03 -4.1382E-03  2.30E-01  8.31E+03
   2.5057E-06    15100       96  1.8143E-02  9.5820E-03 -4.6052E-03  6.20E-01  8.97E+03
   2.5057E-06    15100       97  1.8333E-02  2.2180E-02 -7.4869E-03  8.15E-01  9.79E+03
   2.5057E-06    15100       98  1.8523E-02  3.4872E-02 -1.5072E-02  7.07E-01  9.98E+03
   2.5057E-06    15100       99  1.8713E-02  4.3413E-02 -2.2112E-02  4.79E-01  9.98E+03
   2.5057E-06    15100      100  1.8903E-02  4.3216E-02 -2.1177E-02  2.60E-01  9.98E+03