0 0.000199964 11.6593 -400 9387.35 -64466.1
1 0.000377528 11.6592 -399.956 9387.35 -64532.3
2 0.000555091 11.6591 -399.912 9387.34 -64555.2
3 0.000732655 11.659 -399.867 9387.33 -64565.9
4 0.000910219 11.6587 -399.822 9387.31 -64571.3
5 0.00108778 11.6584 -399.777 9387.29 -64573.8
6 0.00126535 11.6581 -399.732 9387.27 -64574.3
7 0.00144291 11.6577 -399.686 9387.24 -64573.3
8 0.00162048 11.6572 -399.639 9387.2 -64571.2
9 0.00179804 11.6566 -399.592 9387.17 -64567.9
10 0.00197561 11.656 -399.543 9387.12 -64563.7
11 0.00215318 11.6552 -399.494 9387.07 -64558.3
12 0.00233075 11.6544 -399.442 9387.01 -64551.8
13 0.00250832 11.6534 -399.389 9386.94 -64543.9
14 0.00268589 11.6522 -399.334 9386.87 -64534.3
15 0.00286346 11.6508 -399.275 9386.77 -64522.4
16 0.00304104 11.6491 -399.211 9386.65 -64507.3
17 0.00321861 11.6469 -399.141 9386.5 -64487.9
18 0.00339619 11.644 -399.06 9386.3 -64462.1
19 0.00357378 11.6401 -398.964 9386.03 -64427.4
20 0.00375137 11.6348 -398.847 9385.67 -64379.9
21 0.00392896 11.6276 -398.698 9385.17 -64314.2
22 0.00410657 11.6175 -398.505 9384.47 -64223.2
23 0.00428418 11.6036 -398.248 9383.51 -64097.1
24 0.00446182 11.5843 -397.902 9382.19 -63923
25 0.00463948 11.558 -397.434 9380.37 -63684.6
26 0.00481718 11.5222 -396.799 9377.9 -63360.8
27 0.00499492 11.474 -395.941 9374.57 -62925.6
28 0.00517272 11.4098 -394.787 9370.13 -62347.5
29 0.00535061 11.3255 -393.248 9364.28 -61589.5
30 0.00552862 11.2159 -391.215 9356.65 -60609
31 0.00570676 11.0754 -388.559 9346.85 -59359.9
32 0.00588509 10.8982 -385.132 9334.41 -57793.8
33 0.00606366 10.6778 -380.764 9318.85 -55864.6
34 0.00624253 10.408 -375.276 9299.68 -53533.1
35 0.00642177 10.064 -368.477 9276.16 -50741.4
36 0.00660146 9.63644 -359.959 9247.1 -47405.4
37 0.00678172 9.12729 -349.368 9211.88 -43527.7
38 0.00696267 8.53751 -336.48 9170.17 -39169.2
39 0.00714443 7.87482 -321.161 9122.04 -34449.9
40 0.00732716 7.15423 -303.41 9067.99 -29543.5
41 0.00751098 6.39809 -283.398 9009.06 -24659.8
42 0.007696 5.63201 -261.493 8946.73 -20013.9
43 0.00788231 4.88192 -238.224 8882.79 -15789.7
44 0.00806996 4.17112 -214.233 8819.1 -12115.1
45 0.00825896 3.51734 -190.209 8757.43 -9050.33
46 0.0084493 2.93152 -166.81 8699.25 -6591.81
47 0.00864091 2.41811 -144.595 8645.63 -4688.29
48 0.0088337 1.97632 -123.991 8597.25 -3260.56
49 0.00902758 1.60171 -105.272 8554.38 -2219.61
50 0.00922244 1.28776 -88.575 8517 -1479.67
51 0.00941815 1.02709 -73.917 8484.85 -965.625
52 0.0096146 0.812261 -61.2266 8457.53 -616.036
53 0.00981168 0.636269 -50.3717 8434.54 -383.075
54 0.0100093 0.492821 -41.184 8415.38 -230.949
55 0.0102074 0.376412 -33.4791 8399.54 -133.697
56 0.0104058 0.282317 -27.0702 8386.53 -72.9762
57 0.0106046 0.206539 -21.7779 8375.92 -36.1129
58 0.0108036 0.145729 -17.4365 8367.31 -14.5227
59 0.0110028 0.097101 -13.8964 8360.37 -2.49895
60 0.0112022 0.0583503 -11.0257 8354.8 3.68394
61 0.0114017 0.02758 -8.70999 8350.35 6.41341
62 0.0116013 0.00323443 -6.85107 8346.82 7.18866
63 0.011801 -0.015957 -5.36589 8344.02 6.92937
64 0.0120008 -0.0310286 -4.1847 8341.82 6.1836
65 0.0122006 -0.0428193 -3.24942 8340.09 5.26565
66 0.0124004 -0.0520069 -2.51205 8338.74 4.34581
67 0.0126003 -0.0591372 -1.9332 8337.7 3.50798
68 0.0128002 -0.0646482 -1.48068 8336.89 2.78602
69 0.0130002 -0.0688895 -1.12839 8336.26 2.18609
70 0.0132001 -0.0721396 -0.855273 8335.78 1.70025
71 0.0134001 -0.0746191 -0.64439 8335.42 1.31436
72 0.0136001 -0.0765021 -0.482224 8335.14 1.01247
73 0.0138 -0.0779254 -0.358025 8334.93 0.779211
74 0.014 -0.078996 -0.263286 8334.77 0.600872
75 0.0142 -0.0797975 -0.191306 8334.65 0.465766
76 0.0144 -0.0803943 -0.136835 8334.57 0.364253
77 0.0146 -0.0808364 -0.0957767 8334.5 0.288561
78 0.0148 -0.0811621 -0.06495 8334.45 0.232525
79 0.015 -0.0814007 -0.0418959 8334.42 0.191328
80 0.0152 -0.0815745 -0.0247222 8334.39 0.161244
81 0.0154 -0.0817004 -0.0119794 8334.37 0.139421
82 0.0156 -0.0817909 -0.00256181 8334.36 0.123694
83 0.0158 -0.0818557 0.00437032 8334.35 0.112435
84 0.016 -0.0819018 0.00945201 8334.34 0.104426
85 0.0162 -0.0819343 0.0131616 8334.34 0.0987646
86 0.0164 -0.0819571 0.0158577 8334.34 0.0947862
87 0.0166 -0.0819731 0.0178085 8334.33 0.0920062
88 0.0168 -0.0819842 0.0192134 8334.33 0.0900731
89 0.017 -0.0819919 0.0202203 8334.33 0.0887346
90 0.0172 -0.0819972 0.0209382 8334.33 0.0878106
91 0.0174 -0.0820009 0.0214475 8334.33 0.0871741
92 0.0176 -0.0820034 0.0218066 8334.33 0.0867357
93 0.0178 -0.0820051 0.0220585 8334.33 0.0864335
94 0.018 -0.0820063 0.0222341 8334.33 0.0862247
95 0.0182 -0.0820071 0.0223557 8334.33 0.0860797
96 0.0184 -0.0820077 0.0224393 8334.33 0.0859784
97 0.0185999 -0.0820081 0.0224961 8334.33 0.0859044
98 0.0187999 -0.0820085 0.0225345 8334.33 0.085843
99 0.0189999 -0.0820074 0.0225604 8334.33 0.0860348
