1.5121E-06        1  9.6976E-05  9.7375E+00 -9.3416E+00 -3.92E+02  9.02E+03
   1.5121E-06        2  2.9093E-04  1.0122E+01 -9.7685E+00 -3.96E+02  9.59E+03
   1.5121E-06        3  4.8488E-04  1.0282E+01 -9.9735E+00 -3.99E+02  9.35E+03
   1.5121E-06        4  6.7883E-04  1.0730E+01 -1.0535E+01 -4.01E+02  9.18E+03
   1.5121E-06        5  8.7279E-04  1.1114E+01 -1.1121E+01 -4.01E+02  1.29E+04
   1.5121E-06        6  1.0667E-03  1.2115E+01 -1.2212E+01 -3.99E+02  9.42E+03
   1.5121E-06        7  1.2607E-03  1.2391E+01 -1.2632E+01 -3.96E+02  9.34E+03
   1.5121E-06        8  1.4546E-03  1.2377E+01 -1.2658E+01 -3.91E+02  9.75E+03
   1.5121E-06        9  1.6486E-03  1.2772E+01 -1.3045E+01 -3.88E+02  9.77E+03
   1.5121E-06       10  1.8425E-03  1.3045E+01 -1.3326E+01 -3.85E+02  9.72E+03
   1.5121E-06       11  2.0365E-03  1.3222E+01 -1.3477E+01 -3.82E+02  1.26E+04
   1.5121E-06       12  2.2305E-03  1.3247E+01 -1.3429E+01 -3.82E+02  1.01E+04
   1.5121E-06       13  2.4244E-03  1.3004E+01 -1.3122E+01 -3.82E+02  9.51E+03
   1.5121E-06       14  2.6184E-03  1.2901E+01 -1.2994E+01 -3.82E+02  9.10E+03
   1.5121E-06       15  2.8123E-03  1.2715E+01 -1.2777E+01 -3.81E+02  1.02E+04
   1.5121E-06       16  3.0063E-03  1.1875E+01 -1.1916E+01 -3.79E+02  1.28E+04
   1.5121E-06       17  3.2002E-03  1.0963E+01 -1.1025E+01 -3.80E+02  9.86E+03
   1.5121E-06       18  3.3942E-03  1.0419E+01 -1.0485E+01 -3.79E+02  9.77E+03
   1.5121E-06       19  3.5881E-03  9.8428E+00 -9.9430E+00 -3.74E+02  9.67E+03
   1.5121E-06       20  3.7821E-03  9.1954E+00 -9.3394E+00 -3.67E+02  9.49E+03
   1.5121E-06       21  3.9760E-03  8.4750E+00 -8.6510E+00 -3.60E+02  9.52E+03
   1.5121E-06       22  4.1700E-03  7.5808E+00 -7.8034E+00 -3.42E+02  9.34E+03
   1.5121E-06       23  4.3639E-03  6.8683E+00 -7.1129E+00 -2.82E+02  8.81E+03
   1.5121E-06       24  4.5579E-03  5.9990E+00 -6.2266E+00 -2.27E+02  1.08E+04
   1.5121E-06       25  4.7518E-03  5.3602E+00 -5.6039E+00 -1.82E+02  1.11E+04
   1.5121E-06       26  4.9458E-03  4.6787E+00 -4.8926E+00 -1.48E+02  1.05E+04
   1.5121E-06       27  5.1397E-03  4.1601E+00 -4.3521E+00 -1.32E+02  9.77E+03
   1.5121E-06       28  5.3337E-03  3.7217E+00 -3.9244E+00 -1.21E+02  9.77E+03
   1.5121E-06       29  5.5276E-03  3.1660E+00 -3.3790E+00 -1.09E+02  9.77E+03
   1.5121E-06       30  5.7216E-03  2.5127E+00 -2.7530E+00 -9.48E+01  9.77E+03
   1.5121E-06       31  5.9155E-03  1.9746E+00 -2.2459E+00 -7.69E+01  9.23E+03
   1.5121E-06       32  6.1095E-03  1.5142E+00 -1.7948E+00 -5.83E+01  8.81E+03
   1.5121E-06       33  6.3035E-03  1.1280E+00 -1.4032E+00 -4.32E+01  7.64E+03
   1.5121E-06       34  6.4974E-03  9.9106E-01 -1.2642E+00 -3.68E+01  8.58E+03
   1.5121E-06       35  6.6914E-03  7.4534E-01 -9.9886E-01 -2.70E+01  8.83E+03
   1.5121E-06       36  6.8853E-03  5.6969E-01 -7.9430E-01 -2.03E+01  9.27E+03
   1.5121E-06       37  7.0793E-03  4.4292E-01 -6.2609E-01 -1.56E+01  9.77E+03
   1.5121E-06       38  7.2732E-03  3.5860E-01 -5.0642E-01 -1.21E+01  9.77E+03
   1.5121E-06       39  7.4672E-03  2.9481E-01 -3.9976E-01 -9.09E+00  9.77E+03
   1.5121E-06       40  7.6611E-03  2.3929E-01 -3.0667E-01 -6.75E+00  9.77E+03
   1.5121E-06       41  7.8551E-03  1.8395E-01 -2.2560E-01 -4.79E+00  9.58E+03
   1.5121E-06       42  8.0490E-03  1.3571E-01 -1.5962E-01 -3.03E+00  8.97E+03
   1.5121E-06       43  8.2430E-03  1.0060E-01 -1.0990E-01 -1.65E+00  8.71E+03
   1.5121E-06       44  8.4369E-03  8.0437E-02 -7.8287E-02 -8.16E-01  8.66E+03
   1.5121E-06       45  8.6309E-03  7.6044E-02 -6.3041E-02 -4.22E-01  8.83E+03
   1.5121E-06       46  8.8248E-03  8.1757E-02 -6.0960E-02 -2.74E-01  9.27E+03
   1.5121E-06       47  9.0188E-03  9.4487E-02 -6.7552E-02 -2.60E-01  9.77E+03
   1.5121E-06       48  9.2127E-03  1.0528E-01 -7.6826E-02 -1.07E-01  9.77E+03
   1.5121E-06       49  9.4067E-03  1.1024E-01 -8.0404E-02 -5.98E-02  9.77E+03
   1.5121E-06       50  9.6006E-03  1.0397E-01 -7.5298E-02 -2.17E-02  9.77E+03
   1.5121E-06       51  9.7946E-03  9.2924E-02 -6.6741E-02  5.86E-02  4.88E+03
   1.5121E-06       52  9.9885E-03  8.0105E-02 -6.0277E-02  6.69E-02  9.23E+03
   1.5121E-06       53  1.0182E-02  6.8416E-02 -5.0817E-02  7.69E-02  8.81E+03
   1.5121E-06       54  1.0376E-02  6.4293E-02 -4.8113E-02  6.86E-02  8.66E+03
   1.5121E-06       55  1.0570E-02  6.6160E-02 -4.9907E-02  1.60E-02  8.73E+03
   1.5121E-06       56  1.0764E-02  7.3552E-02 -5.0938E-02 -8.66E-02  9.01E+03
   1.5121E-06       57  1.0958E-02  8.3920E-02 -6.0870E-02 -1.98E-01  9.58E+03
   1.5121E-06       58  1.1152E-02  9.8344E-02 -6.9879E-02 -1.69E-01  9.77E+03
   1.5121E-06       59  1.1346E-02  1.0674E-01 -7.7572E-02 -7.71E-02  9.77E+03
   1.5121E-06       60  1.1540E-02  1.0548E-01 -7.6599E-02 -5.00E-02  9.77E+03
   1.5121E-06       61  1.1734E-02  9.3571E-02 -6.7338E-02  1.08E-01  9.77E+03
   1.5121E-06       62  1.1928E-02  8.1364E-02 -6.1039E-02  1.17E-01  9.27E+03
   1.5121E-06       63  1.2122E-02  7.0717E-02 -5.1621E-02  5.28E-02  8.83E+03
   1.5121E-06       64  1.2316E-02  6.5491E-02 -4.8429E-02  2.45E-02  8.66E+03
   1.5121E-06       65  1.2510E-02  6.6592E-02 -5.0326E-02  8.00E-03  8.71E+03
   1.5121E-06       66  1.2704E-02  7.5265E-02 -5.5857E-02 -8.22E-02  9.01E+03
   1.5121E-06       67  1.2898E-02  8.5976E-02 -6.2269E-02 -1.83E-01  9.58E+03
   1.5121E-06       68  1.3092E-02  9.3342E-02 -6.5707E-02 -1.72E-01  9.76E+03
   1.5121E-06       69  1.3286E-02  1.0215E-01 -7.4093E-02 -4.67E-02  9.77E+03
   1.5121E-06       70  1.3480E-02  1.0750E-01 -7.9914E-02  6.54E-02  9.77E+03
   1.5121E-06       71  1.3674E-02  1.0318E-01 -7.6943E-02  2.02E-01  9.77E+03
   1.5121E-06       72  1.3868E-02  9.2463E-02 -7.2123E-02  3.13E-01  9.58E+03
   1.5121E-06       73  1.4062E-02  8.1521E-02 -6.3865E-02  2.52E-01  9.01E+03
   1.5121E-06       74  1.4255E-02  7.3707E-02 -5.9116E-02  2.39E-01  8.73E+03
   1.5121E-06       75  1.4449E-02  7.0179E-02 -5.7326E-02  1.79E-01  8.66E+03
   1.5121E-06       76  1.4643E-02  7.3266E-02 -5.7078E-02  5.33E-02  8.81E+03
   1.5121E-06       77  1.4837E-02  7.9621E-02 -5.9153E-02 -1.42E-01  9.27E+03
   1.5121E-06       78  1.5031E-02  8.8882E-02 -6.0832E-02 -2.79E-01  9.77E+03
   1.5121E-06       79  1.5225E-02  9.7864E-02 -6.7649E-02 -1.85E-01  9.77E+03
   1.5121E-06       80  1.5419E-02  1.0215E-01 -7.1900E-02 -8.29E-02  9.77E+03
   1.5121E-06       81  1.5613E-02  9.6685E-02 -6.7740E-02  8.05E-02  9.77E+03
   1.5121E-06       82  1.5807E-02  8.7157E-02 -6.2316E-02  2.20E-01  9.58E+03
   1.5121E-06       83  1.6001E-02  7.7681E-02 -5.4646E-02  1.41E-01  9.01E+03
   1.5121E-06       84  1.6195E-02  7.2872E-02 -5.1948E-02 -5.15E-02  4.39E+03
   1.5121E-06       85  1.6389E-02  7.0709E-02 -5.0039E-02 -1.22E-01  8.66E+03
   1.5121E-06       86  1.6583E-02  7.6538E-02 -5.5549E-02 -8.00E-02  8.73E+03
   1.5121E-06       87  1.6777E-02  8.9135E-02 -7.0861E-02 -6.33E-02  8.97E+03
   1.5121E-06       88  1.6971E-02  9.7959E-02 -7.6507E-02 -1.12E-01  9.58E+03
   1.5121E-06       89  1.7165E-02  9.9467E-02 -7.1665E-02 -1.32E-01  9.77E+03
   1.5121E-06       90  1.7359E-02  9.5327E-02 -6.5801E-02 -1.02E-01  9.77E+03
   1.5121E-06       91  1.7553E-02  9.0141E-02 -5.7595E-02 -5.50E-02  9.77E+03
   1.5121E-06       92  1.7747E-02  8.4962E-02 -5.7614E-02  7.44E-02  9.77E+03
   1.5121E-06       93  1.7941E-02  8.0054E-02 -6.2440E-02  1.29E-01  9.26E+03
   1.5121E-06       94  1.8135E-02  7.8769E-02 -6.5364E-02  3.43E-01  8.83E+03
   1.5121E-06       95  1.8328E-02  8.2032E-02 -7.0776E-02  3.46E-01  8.66E+03
   1.5121E-06       96  1.8522E-02  8.3067E-02 -6.9262E-02  1.37E-01  8.73E+03
   1.5121E-06       97  1.8716E-02  8.5016E-02 -6.7452E-02 -1.27E-01  9.00E+03
   1.5121E-06       98  1.8910E-02  9.2358E-02 -6.9604E-02 -2.98E-01  9.58E+03
   1.5121E-06       99  1.9104E-02  9.8560E-02 -7.2456E-02 -3.85E-01  9.77E+03
   1.5121E-06      100  1.9298E-02  9.2821E-02 -6.6189E-02 -2.89E-01  9.77E+03